0	5E-8	5E-8
1	5E-8	5.2976687638E-8
2	5E-8	5.6239467934E-8
3	5E-8	5.9723295284E-8
4	5E-8	6.3432979407E-8
5	5E-8	6.737937151E-8
6	5E-8	7.1575688075E-8
7	5E-8	7.603666361E-8
8	5E-8	8.0778290987E-8
9	5E-8	8.5817746614E-8
10	5E-8	9.1173388913E-8
11	5E-8	9.6864791188E-8
12	5E-8	1.0291279344E-7
13	5E-8	1.0933956632E-7
14	5E-8	1.1616868398E-7
15	5E-8	1.2342520431E-7
16	5E-8	1.3113575571E-7
17	5E-8	1.3932863002E-7
18	5E-8	1.4803388145E-7
19	5E-8	1.572834314E-7
20	5E-8	1.6711117894E-7
21	5E-8	1.7755311694E-7
22	5E-8	1.8864745322E-7
23	5E-8	2.0043473609E-7
24	5E-8	2.1295798292E-7
25	5E-8	2.262628093E-7
26	5E-8	2.4039755481E-7
27	5E-8	2.5541339795E-7
28	5E-8	2.7136444739E-7
29	5E-8	2.8830778441E-7
30	5E-8	3.0630340781E-7
31	5E-8	3.2541397723E-7
32	5E-8	3.4570411539E-7
33	5E-8	3.6723865441E-7
34	5E-8	3.9007801127E-7
35	5E-8	4.1425280811E-7
36	5E-8	4.3939752421E-7
37	5E-8	4.6603919963E-7
38	5E-8	4.9426695397E-7
39	5E-8	5.2417521245E-7
40	5E-8	5.5586402181E-7
41	5E-8	5.894393849E-7
42	5E-8	6.2501361536E-7
43	5E-8	6.6270571326E-7
44	5E-8	7.0264176319E-7
45	5E-8	7.4495535605E-7
46	5E-8	7.8978803589E-7
47	5E-8	8.372897734E-7
48	5E-8	8.8761946762E-7
49	5E-8	9.409454774E-7
50	5E-8	9.9744618466E-7
51	5E-8	1.0573105911E-6
52	5E-8	1.1207389502E-6
53	5E-8	1.1879434377E-6
54	5E-8	1.2591488604E-6
55	5E-8	1.3345934092E-6
56	5E-8	1.4145294551E-6
57	5E-8	1.4992243939E-6
58	5E-8	1.5889615401E-6
59	5E-8	1.6840410754E-6
60	5E-8	1.7847810523E-6
61	5E-8	1.8915184581E-6
62	5E-8	2.0046103422E-6
63	5E-8	2.1244350105E-6
64	5E-8	2.251393291E-6
65	5E-8	2.3859098745E-6
66	5E-8	2.5284347349E-6
67	5E-8	2.6794446351E-6
68	5E-8	2.8394447214E-6
69	5E-8	3.0089702133E-6
70	5E-8	3.1885881939E-6
71	5E-8	3.378899507E-6
72	5E-8	3.5805407667E-6
73	5E-8	3.7941864873E-6
74	5E-8	4.0205513394E-6
75	5E-8	4.2603925407E-6
76	5E-8	4.5145123887E-6
77	5E-8	4.783760945E-6
78	5E-8	5.0690388782E-6
79	5E-8	5.3713004774E-6
80	5E-8	5.6915568439E-6
81	5E-8	6.0308792737E-6
82	5E-8	6.3904028411E-6
83	5E-8	6.7713301958E-6
84	5E-8	7.1749355853E-6
85	5E-8	7.6025691184E-6
86	5E-8	8.0556612805E-6
87	5E-8	8.5357277193E-6
88	5E-8	9.0443743148E-6
89	5E-8	9.583302551E-6
90	5E-8	1.0154315207E-5
91	5E-8	1.075932239E-5
92	5E-8	1.1400347921E-5
93	5E-8	1.2079536107E-5
94	5E-8	1.2799158915E-5
95	5E-8	1.3561623569E-5
96	5E-8	1.4369480606E-5
97	5E-8	1.5225432403E-5
98	5E-8	1.6132342223E-5
99	5E-8	1.7093243788E-5
100	5E-8	1.8111351429E-5
101	5E-8	1.9190070839E-5
102	5E-8	2.0333010463E-5
103	5E-8	2.1543993573E-5
104	5E-8	2.2827071051E-5
105	5E-8	2.4186534947E-5
106	5E-8	2.562693283E-5
107	5E-8	2.7153083004E-5
108	5E-8	2.8770090625E-5
109	5E-8	3.0483364778E-5
110	5E-8	3.2298636571E-5
111	5E-8	3.4221978306E-5
112	5E-8	3.6259823792E-5
113	5E-8	3.8418989868E-5
114	5E-8	4.0706699202E-5
115	5E-8	4.3130604458E-5
116	5E-8	4.569881389E-5
117	5E-8	4.8419918467E-5
118	5E-8	5.1303020611E-5
119	5E-8	5.4357764645E-5
120	5E-8	5.7594369054E-5
121	5E-8	6.102366067E-5
122	5E-8	6.4657110885E-5
123	5E-8	6.8506874025E-5
124	5E-8	7.2585828012E-5
125	5E-8	7.6907617436E-5
126	5E-8	8.1486699203E-5
127	5E-8	8.633839089E-5
128	5E-8	9.147892199E-5
129	5E-8	9.6925488196E-5
130	5E-8	1.0269630893E-4
131	5E-8	1.0881068827E-4
132	5E-8	1.1528907956E-4
133	5E-8	1.221531538E-4
134	5E-8	1.2942587213E-4
135	5E-8	1.3713156267E-4
136	5E-8	1.4529600188E-4
137	5E-8	1.539465008E-4
138	5E-8	1.6311199638E-4
139	5E-8	1.728231483E-4
140	5E-8	1.8311244154E-4
141	5E-8	1.9401429501E-4
142	5E-8	2.0556517672E-4
143	5E-8	2.1780372577E-4
144	5E-8	2.3077088156E-4
145	5E-8	2.4451002079E-4
146	5E-8	2.5906710253E-4
147	5E-8	2.7449082196E-4
148	5E-8	2.9083277328E-4
149	5E-8	3.0814762228E-4
150	5E-8	3.264932892E-4
151	5E-8	3.4593114251E-4
152	5E-8	3.6652620415E-4
153	5E-8	3.8834736708E-4
154	5E-8	4.114676257E-4
155	5E-8	4.3596432005E-4
156	5E-8	4.6191939453E-4
157	5E-8	4.8941967195E-4
158	5E-8	5.1855714405E-4
159	5E-8	5.4942927918E-4
160	5E-8	5.8213934831E-4
161	5E-8	6.1679677055E-4
162	5E-8	6.5351747914E-4
163	5E-8	6.9242430924E-4
164	5E-8	7.3364740887E-4
165	5E-8	7.7732467422E-4
166	5E-8	8.2360221099E-4
167	5E-8	8.7263482307E-4
168	5E-8	9.2458653041E-4
169	5E-8	9.7963111771E-4
170	5E-8	1.0379527157E-3
171	5E-8	1.099746417E-3
172	5E-8	1.1652189291E-3
173	5E-8	1.2345892652E-3
174	5E-8	1.3080894775E-3
175	5E-8	1.3859654329E-3
176	5E-8	1.4684776358E-3
177	5E-8	1.5559020993E-3
178	5E-8	1.6485312686E-3
179	5E-8	1.7466749994E-3
180	5E-8	1.8506615941E-3
181	5E-8	1.9608389002E-3
182	5E-8	2.0775754737E-3
183	5E-8	2.2012618124E-3
184	5E-8	2.3323116616E-3
185	5E-8	2.4711633986E-3
186	5E-8	2.6182814985E-3
187	5E-8	2.7741580887E-3
188	5E-8	2.9393145945E-3
189	5E-8	3.1143034834E-3
190	5E-8	3.2997101133E-3
191	5E-8	3.4961546904E-3
192	5E-8	3.7042943436E-3
193	5E-8	3.9248253228E-3
194	5E-8	4.1584853272E-3
195	5E-8	4.4060559728E-3
196	5E-8	4.6683654055E-3
197	5E-8	4.946291069E-3
198	5E-8	5.2407626335E-3
199	5E-8	5.5527650852E-3
200	5E-8	5.8833419167E-3
