0	5E-8	5E-8	5E-8
1	5.0000000022E-8	7.1027964791E-8	5E-8
2	5.0000000043E-8	1.0089943565E-7	5E-8
3	5.0000000065E-8	1.4333363125E-7	5E-8
4	5.0000000087E-8	2.0361392227E-7	5E-8
5	5.0000000108E-8	2.8924565003E-7	5E-8
6	5.000000013E-8	4.1089059691E-7	5E-8
7	5.0000000151E-8	5.8369445699E-7	5E-8
8	5.0000000173E-8	8.2917258675E-7	5E-8
9	5.0000000195E-8	1.1778888259E-6	5E-8
10	5.0000000216E-8	1.6732609209E-6	5E-8
11	5.0000000238E-8	2.3769663551E-6	5E-8
12	5.000000026E-8	3.376621651E-6	5E-8
13	5.0000000281E-8	4.7966912736E-6	5E-8
14	5.0000000303E-8	6.8139843754E-6	5E-8
15	5.0000000324E-8	9.6796688411E-6	5E-8
16	5.0000000346E-8	1.3750543543E-5	5E-8
17	5.0000000368E-8	1.9533462433E-5	5E-8
18	5.0000000389E-8	2.77484416E-5	5E-8
19	5.0000000411E-8	3.941830658E-5	5E-8
20	5.0000000433E-8	5.5996041679E-5	5E-8
21	5.0000000454E-8	7.9545697215E-5	5E-8
22	5.0000000476E-8	1.1299937897E-4	5E-8
23	5.0000000497E-8	1.605223169E-4	5E-8
24	5.0000000519E-8	2.2803146676E-4	5E-8
25	5.0000000541E-8	3.2393221433E-4	5E-8
26	5.0000000562E-8	4.6016490687E-4	5E-8
27	5.0000000584E-8	6.536915122E-4	5E-8
28	5.0000000606E-8	9.2860750351E-4	5E-8
29	5.0000000627E-8	1.3191419103E-3	5E-8
30	5.0000000649E-8	1.8739190491E-3	5E-8
31	5.000000067E-8	2.6620124903E-3	5E-8
32	5.0000000692E-8	3.7815446552E-3	5E-8
